una  mu^2=2.220446e-16, code time=3.978288 (in min) 
"L" 	 	 "||A||" 
2.000000000000	0.435882275580
3.000000000000	2.858414494900
4.000000000000	10.141153393540
5.000000000000	55.666458039268
6.000000000000	334.286018060274
7.000000000000	15744.700145095441
8.000000000000	42190.385127746165
9.000000000000	743438.169157729135
10.000000000000	1970697.083969644271
11.000000000000	772138.488048478845
12.000000000000	1100714.518801798346
13.000000000000	1200712.990327419247
14.000000000000	1673358.234836321557

