 L=12, code time=102.975075 (in min) 
"mu^2" 	 	 "||A||^2" 
0.000000000100	25696865.904914617538
0.000000000356	23614777.468998808414
0.000000001269	17958060.157713204622
0.000000004520	8570052.545765083283
0.000000016103	2140920.514947274700
0.000000057362	494289.381959651364
0.000000204336	238035.306574892369
0.000000727895	163371.837127531850
0.000002592944	101557.959978085244
0.000009236709	53494.021814392807
0.000032903446	26348.293153934108
0.000117210230	12857.314481576956
0.000417531894	6531.142546893019
0.001487352107	3507.458787673191
0.005298316906	1892.193757293060
0.018873918221	1005.596914946368
0.067233575365	522.084711255177
0.239502661999	262.579805396555
0.853167852417	127.590029422766
3.039195382313	59.882999774190
10.826367338741	27.513027892251
38.566204211635	12.125751791118
137.382379588326	4.569768967804
489.390091847750	1.303238972561
1743.328822199987	0.256370010564
6210.169418915603	0.033786955611
22122.162910704497	0.003310109153
78804.628156699036	0.000280693497
280721.620394117024	0.000022610135
1000000.000000000000	0.000001792993
