 L=8, code time=0.046319 (in min) 
"mu^2" 	 	 "||A||^2" 
0.000000000100	50330493.050698444247
0.000000000356	9770024.790675273165
0.000000001269	3303145.046792424284
0.000000004520	1621641.534383367747
0.000000016103	787177.060182456276
0.000000057362	267006.914090664650
0.000000204336	81123.398796074107
0.000000727895	32585.681277545445
0.000002592944	15921.781655726420
0.000009236709	8586.904544947995
0.000032903446	4518.869731984835
0.000117210230	2136.926298684821
0.000417531894	1082.242184397704
0.001487352107	612.500153833591
0.005298316906	346.734144046565
0.018873918221	188.581216864546
0.067233575365	97.689274925811
0.239502661999	49.032501084332
0.853167852417	23.405384147857
3.039195382313	10.028179565251
10.826367338741	3.621323618369
38.566204211635	1.010662855440
137.382379588326	0.196873370078
489.390091847750	0.025947446309
1743.328822199987	0.002553712435
6210.169418915603	0.000217191019
22122.162910704497	0.000017513986
78804.628156699036	0.000001389327
280721.620394117024	0.000000109690
1000000.000000000000	0.000000008649
