 L=8, code time=0.337696 (in min) 
"mu^2" 	 	 "||A||^2" 
0.000010000000	113033692.114685788751
0.000016037187	96476865.002798885107
0.000025719138	67787113.795968204737
0.000041246264	34314311.351696304977
0.000066147406	11814504.224292393774
0.000106081836	3299701.096078078263
0.000170125428	1204207.802101035835
0.000272833338	739812.341408923268
0.000437547938	533167.350659916177
0.000701703829	340330.543984067335
0.001125335583	188399.576558580389
0.001804721767	101427.642949079906
0.002894266125	57230.912906559053
0.004641588834	34463.565012367464
0.007443803013	21796.737803407206
0.011937766417	13931.036249606836
0.019144819762	8711.149900167058
0.030702906298	5370.765457890334
0.049238826317	3338.002583654887
0.078965228685	2087.121850105380
0.126638017347	1302.451243547859
0.203091762090	810.611927844187
0.325702065566	498.610848144947
0.522334507427	301.051575707414
0.837677640068	177.170917592274
1.343399332599	100.219969803353
2.154434690032	53.323402649861
3.455107294592	25.852645363136
5.541020330009	10.914602763310
8.886238162743	3.804614203089
14.251026703030	1.052977254577
22.854638641350	0.231981002169
36.652412370796	0.042811733170
58.780160722749	0.007096486144
94.266845511789	0.001115347075
151.177507061566	0.000171275725
242.446201708233	0.000026053408
388.815518030809	0.000003948210
623.550734127391	0.000000597442
1000.000000000000	0.000000090353
