 L=8.000000e+00, code time=0.114208 (in min) 
"mu^2" 	 	 "||A||^2" 
0.000000000100	1461.664829421596
0.000000000546	1461.655584186949
0.000000002976	1461.605148410300
0.000000016238	1461.330064962207
0.000000088587	1459.831511812944
0.000000483293	1451.720692208704
0.000002636651	1409.315018501577
0.000014384499	1222.156098811543
0.000078475997	765.933661226351
0.000428133240	372.486376339873
0.002335721469	209.792510920860
0.012742749857	109.840134847161
0.069519279618	48.610391764919
0.379269019073	18.775375567427
2.069138081115	6.326895096603
11.288378916847	1.987444548804
61.584821106603	0.593114244028
335.981828628377	0.112557164317
1832.980710832430	0.010636193248
10000.000000000000	0.000532988406
