 L=12, code time=102.975075 (in min) 
"mu^2" 	 	 "||A||^2" 
0.000000000100	43637941.146120578051
0.000000000356	18154944.836323708296
0.000000001269	8914225.164046151564
0.000000004520	4336755.398300960660
0.000000016103	2083951.406975024147
0.000000057362	1060554.148580534384
0.000000204336	589066.999105868279
0.000000727895	336871.294126259163
0.000002592944	190975.234121094400
0.000009236709	107453.927843398051
0.000032903446	59266.531661609370
0.000117210230	32084.376006578335
0.000417531894	17125.791795945937
0.001487352107	9066.186571266586
0.005298316906	4776.572683707682
0.018873918221	2498.849799781830
0.067233575365	1290.102451426140
0.239502661999	650.573110639211
0.853167852417	314.096116016994
3.039195382313	140.127209776230
10.826367338741	54.476553739184
38.566204211635	16.888146377572
137.382379588326	3.759569859865
489.390091847750	0.564760377280
1743.328822199987	0.060506222055
6210.169418915603	0.005338236771
22122.162910704497	0.000435748380
78804.628156699036	0.000034691622
280721.620394117024	0.000002741790
1000000.000000000000	0.000000216242
