L=8, code time=0.006010 (in min) 
wij_min=8.58094094015271480203e-03, wij_max=8.07012575382429844240e+01 
"mu" 	 	 "||A||^2" 
1.00000000000000003643e-10	1.10504023422215241768e-01
1.26038292967972731759e-10	1.10504023422215241768e-01
1.58856512942805273194e-10	1.10504023422215241768e-01
2.00220037181558437944e-10	1.10504023422215241768e-01
2.52353917043476579710e-10	1.10504023422215241768e-01
3.18062569279411905784e-10	1.10504023422215241768e-01
4.00880632889846438503e-10	1.10504023422215241768e-01
5.05263106533567986293e-10	1.10504023422215241768e-01
6.36824994471858619652e-10	1.10504023422215241768e-01
8.02643352225717377815e-10	1.10504023422215241768e-01
1.01163797976620704748e-09	1.10504023422215241768e-01
1.27505124071301293650e-09	1.10504023422215241768e-01
1.60705281826163847742e-09	1.10504023422215241768e-01
2.02550193923066624051e-09	1.10504023422215241768e-01
2.55290806823951637426e-09	1.10504023422215241768e-01
3.21764175025073519961e-09	1.10504023422215241768e-01
4.05546073584082789357e-09	1.10504023422215241768e-01
5.11143348344016536924e-09	1.10504023422215241768e-01
6.44236350872137046605e-09	1.10504023422215241768e-01
8.11984499318400806948e-09	1.10504023422215241768e-01
1.02341140210545267090e-08	1.10504023422215241768e-01
1.28989026125330806031e-08	1.10504023422215241768e-01
1.62575566644379355129e-08	1.10504023422215241768e-01
2.04907468981584594190e-08	1.10504023422215241768e-01
2.58261876068267474279e-08	1.10504023422215241768e-01
3.25508859983505636444e-08	1.10504023422215241768e-01
4.10265810582719057166e-08	1.10504023422215200134e-01
5.17092024289675556895e-08	1.10504023422215200134e-01
6.51733960488242011595e-08	1.10504023422215158501e-01
8.21434358491942174464e-08	1.10504023422215089112e-01
1.03532184329566155945e-07	1.10504023422214978090e-01
1.30490197801440153888e-07	1.10504023422214867067e-01
1.64467617799466277927e-07	1.10504023422214603389e-01
2.07292177959536982755e-07	1.10504023422214200933e-01
2.61267522556332636514e-07	1.10504023422213576433e-01
3.29297125509714798733e-07	1.10504023422212618866e-01
4.15040475785047253506e-07	1.10504023422211064553e-01
5.23109930805625782526e-07	1.10504023422208594307e-01
6.59318827133354204102e-07	1.10504023422204680771e-01
8.30994194935338645275e-07	1.10504023422198477400e-01
1.04737089795945085476e-06	1.10504023422188596415e-01
1.32008840083141951298e-06	1.10504023422172789615e-01
1.66381688607613080389e-06	1.10504023422147920619e-01
2.09704640132323504709e-06	1.10504023422108133001e-01
2.64308148697410834186e-06	1.10504023422045169478e-01
3.33129478793467673784e-06	1.10504023421945082872e-01
4.19870708444391471951e-06	1.10504023421786098935e-01
5.29197873595844737348e-06	1.10504023421533578708e-01
6.66991966303012826807e-06	1.10504023421132260840e-01
8.40665288561833447191e-06	1.10504023420494895680e-01
1.05956017927761705672e-05	1.10504023419482330648e-01
1.33545156292990014073e-05	1.10504023417873742385e-01
1.68318035333095841288e-05	1.10504023415318647361e-01
2.12145178491063193370e-05	1.10504023411259560961e-01
2.67384161583994929697e-05	1.10504023404811496656e-01
3.37006432927193177681e-05	1.10504023394568329230e-01
4.24757155253690260491e-05	1.10504023378296387103e-01
5.35356667741072967466e-05	1.10504023352447355855e-01
6.74754405311069955413e-05	1.10504023311384425021e-01
8.50448934180268636528e-05	1.10504023246153201820e-01
1.07189131920512863844e-04	1.10504023142529356205e-01
1.35099352119802786423e-04	1.10504022977916019355e-01
1.70276917222590137369e-04	1.10504022716417030225e-01
2.14614119785840577618e-04	1.10504022301008864027e-01
2.70495973046313707873e-04	1.10504021641105981688e-01
3.40928506974681473207e-04	1.10504020592807214451e-01
4.29700470432084382765e-04	1.10504018927516642345e-01
5.41587137807947619980e-04	1.10504016282094774670e-01
6.82607183427239223340e-04	1.10504012079671046220e-01
8.60346441668450949945e-04	1.10504005403850733003e-01
1.08436596868961084190e-03	1.10503994798883981021e-01
1.36671635646200728860e-03	1.10503977952225579395e-01
1.72258596539878738874e-03	1.10503951190266444526e-01
2.17111794569450509626e-03	1.10503908677290013651e-01
2.73643999707467175733e-03	1.10503841143009096104e-01
3.44896226040575975061e-03	1.10503733861289504814e-01
4.34701315812502635944e-03	1.10503563439522695111e-01
5.47890117959394518099e-03	1.10503292719078896611e-01
6.90551352016233101899e-03	1.10502862676234714367e-01
8.70359136148516655818e-03	1.10502179561031574351e-01
1.09698579789238633703e-02	1.10501094478533679055e-01
1.38262217376465927632e-02	1.10499370982637026839e-01
1.74263338600965447811e-02	1.10496633673174485257e-01
2.19638537241655142085e-02	1.10492286731779548736e-01
2.76828663039207223395e-02	1.10485384996300672888e-01
3.48910121340678114343e-02	1.10474430376029622569e-01
4.39760360930273042079e-02	1.10457051514548904025e-01
5.54266452066311879343e-02	1.10429502609893509524e-01
6.98587974678526318906e-02	1.10385886473842315114e-01
8.80488358164348283719e-02	1.10316967987020203568e-01
1.10975249641207446283e-01	1.10208406305165318440e-01
1.39871310264724157957e-01	1.10038229737698139976e-01
1.76291411809595149895e-01	1.09773491879227746981e-01
2.22194686093952847861e-01	1.09366470940777810172e-01
2.80050389418363687710e-01	1.08751839319923465643e-01
3.52970730273065746996e-01	1.07848284981031466989e-01
4.44878283112759453921e-01	1.06570764611908591624e-01
5.60716993820546960592e-01	1.04860173242799822879e-01
7.06718127392750639082e-01	1.02729250622996384767e-01
8.90735463861045850820e-01	1.00301775594636349842e-01
1.12266777351081592506e+00	9.77995344849695580347e-02
1.41499129743457885411e+00	9.54486439073038289704e-02
1.78343087693191293397e+00	9.33507757034471724600e-02
2.24780583354873009228e+00	9.14144089543271060050e-02
2.83309610183932969463e+00	8.93782552675776720275e-02
3.57078596490047006640e+00	8.68669546661707675517e-02
4.50055767570050679893e+00	8.34250515003811393688e-02
5.67242606849198960361e+00	7.85412662570169617382e-02
7.14942898659759151769e+00	7.17172742054942718992e-02
9.01101825166503722642e+00	6.26401969555127058342e-02
1.13573335834310746861e+01	5.14670705539242712145e-02
1.43145893752348154493e+01	3.90804819370573069959e-02
1.80418640939207541862e+01	2.70105840140354713785e-02
2.27396575235793214631e+01	1.68472028052331183889e-02
2.86606761694825600273e+01	9.49093762486831991898e-03
3.61234269970943771000e+01	4.87768196133625368816e-03
4.55293507486695716580e+01	2.32361488826982260161e-03
5.73844164830240401898e+01	1.04434613295337121869e-03
7.23263389648354859673e+01	4.50055259640617748556e-04
9.11588829975083712043e+01	1.88394496294545050943e-04
1.14895100018731085356e+02	7.73429175035059699502e-05
1.44811822767453605820e+02	3.13498398567363967281e-05
1.82518349431904624680e+02	1.26029686018722662696e-05
2.30043011977292167103e+02	5.03988944325056393794e-06
2.89942285388288098602e+02	2.00868950988971863152e-06
3.65438307095726202078e+02	7.98880337417667839158e-07
4.60592204114511275748e+02	3.17297943735569094257e-07
5.80522551609490733426e+02	1.25917056599279429750e-07
7.31680714342720762033e+02	4.99424320705385383068e-08
9.22197882333434108659e+02	1.98019746603517619611e-08
1.16232246867985418248e+03	7.84973777847065250540e-09
1.46497139830728792731e+03	3.11131338189778915114e-09
1.84642494289554633724e+03	1.23309295907945228708e-09
2.32720247896041200875e+03	4.88680342055600356623e-10
2.93316627839004831912e+03	1.93659780055109055836e-10
3.69691270719503199871e+03	7.67440792158601678255e-11
4.65952566866468714579e+03	3.04119721556096070546e-11
5.87278661318948888947e+03	1.20514880528403064492e-11
7.40195999691565248213e+03	4.77567198549268379868e-12
9.32930402628469528281e+03	1.89246071539478176681e-12
1.17584955405215823703e+04	7.49925902675553932657e-13
1.48202070579886003543e+04	2.97172945257131374026e-13
1.86791359902078474988e+04	1.17760549982360928285e-13
2.35428641432242038718e+04	4.66648804080073849005e-14
2.96730240818887250498e+04	1.84918493838237983578e-14
3.73993730247880157549e+04	7.32774670103939268131e-15
4.71375313411672905204e+04	2.90375849725970936793e-15
5.94113398496504014474e+04	1.15066923964008493201e-15
7.48810385759003111161e+04	4.55974431939625144579e-16
9.43787827777539059753e+04	1.80688479991053588705e-16
1.18953406737032069941e+05	7.16012211481716372800e-17
1.49926843278604705120e+05	2.83733351716691951199e-17
1.88965233969121152768e+05	1.12434694462382316084e-17
2.38168555197616078658e+05	4.45543690172369671699e-18
3.00183581357559189200e+05	1.76555092864618769911e-18
3.78346261713193263859e+05	6.99632862983012442978e-19
4.76861169771447428502e+05	2.77242720335063647348e-19
6.01027678207038785331e+05	1.09862657951759904014e-19
7.57525025877192034386e+05	4.35351506852959662483e-20
9.54771611420806613751e+05	1.72516247097069227255e-20
1.20337784077759552747e+06	6.83628172593179393703e-21
1.51671688847092399374e+06	2.70900559320557946126e-21
1.91164407538571138866e+06	1.07349456878068918003e-21
2.40940356023952690884e+06	4.25392473177239861390e-22
3.03677111803547292948e+06	1.68569792053768248219e-22
3.82749447851631511003e+06	6.67989599821986439140e-23
4.82410870416539348662e+06	2.64703479804075607126e-23
6.08022426164942700416e+06	1.04893747205821249113e-23
7.66341086800749413669e+06	4.15661260326776990828e-24
9.65883224115870893002e+06	1.64713615385389441942e-24
1.21738272773966696113e+07	6.52708772329264297293e-25
1.53436840893001314253e+07	2.58648163649536678360e-25
1.93389175045524016023e+07	1.02494213951633893297e-25
2.43744415012222155929e+07	4.06152657159118429613e-26
3.07211299886177182198e+07	1.60945652010366013084e-26
3.87203878181255683303e+07	6.37777506670096580860e-27
4.88025158365445360541e+07	2.52731367970142344100e-27
6.15098578858050405979e+07	1.00149572049891277335e-27
7.75259748862949609756e+07	3.96861571332944345238e-28
9.77124153534650206566e+07	1.57263883985838056739e-28
1.23155060329283118248e+08	6.23187806348758145585e-29
1.55222535742704808712e+08	2.46949923999561206525e-29
1.95639834351707279682e+08	9.78585658161250251410e-30
2.46581107582260400057e+08	3.87783026959188973354e-30
3.10786618778202652931e+08	1.53666339521243138384e-30
3.91710149080926060677e+08	6.08931857771685952122e-31
4.93704785283902406693e+08	2.41300735453520695902e-31
6.22257083673023104668e+08	9.56199682891995292747e-32
7.84282206133771419525e+08	3.78912161972600718928e-32
9.88495904662558555603e+08	1.50151091931466598493e-32
1.24588336429501318932e+09	5.95002026085432973915e-33
1.57029012472937750816e+09	2.35780776877314543080e-33
1.97916686785356545448e+09	9.34325805755928218863e-34
2.49450813523031663895e+09	3.70244225531468891761e-34
3.14403547159151268005e+09	1.46716258605835258554e-34
3.96268863870147848129e+09	5.81390851090140389974e-35
4.99450511585516071320e+09	2.30387092025984796370e-35
6.29498899022188758850e+09	9.12952312074857906576e-36
7.93409666579752445221e+09	3.61774575473521606373e-36
1.00000000000000000000e+10	1.43360000000000056683e-36
