L=12, code time=186.206480 (in min) 
"mu" 	 	 "||A||^2" 
0.000000000100	326132003660662.562500000000
0.000000000202	326109174461089.625000000000
0.000000000409	326015719649305.187500000000
0.000000000829	325633512776585.750000000000
0.000000001677	324076457312747.187500000000
0.000000003393	317832472924293.187500000000
0.000000006866	294293038732450.812500000000
0.000000013895	222782688465962.312500000000
0.000000028118	99979711797850.171875000000
0.000000056899	21708423378310.464843750000
0.000000115140	3910429521149.319824218750
0.000000232995	951525933303.891723632812
0.000000471487	210331854060.582611083984
0.000000954095	30875026848.326248168945
0.000001930698	5548422398.474262237549
0.000003906940	1615425864.322556734085
0.000007906043	680495368.427449345589
0.000015998587	280173507.058730125427
0.000032374575	102378995.303822636604
0.000065512856	41447344.169543646276
0.000132571137	18219734.623032938689
0.000268269580	8357647.563708894886
0.000542867544	4267310.708835386671
0.001098541142	2365876.680600424297
0.002222996483	1318766.008133158321
0.004498432669	704927.937813222292
0.009102981780	360183.907971592154
0.018420699693	181037.410374214465
0.037275937203	90269.387600705872
0.075431200634	44635.460372937705
0.152641796718	21841.312620630673
0.308884359648	10526.775906617831
0.625055192527	4937.093803932366
1.264855216855	2197.332967712413
2.559547922700	881.605079786265
5.179474679231	289.775528510982
10.481131341547	67.258456974683
21.209508879202	9.569763964683
42.919342601288	0.852842979034
86.851137375135	0.058121564512
175.751062485480	0.003594078577
355.648030622314	0.000216299856
719.685673001153	0.000012928267
1456.348477501244	0.000000771416
2947.051702551810	0.000000046011
5963.623316594637	0.000000002744
12067.926406393313	0.000000000164
24420.530945486549	0.000000000010
49417.133613238380	0.000000000001
100000.000000000000	0.000000000000

