L=8, code time=0.012874 (in min) 
wij_min=3.77997266269858300802e-05, wij_max=2.47011449094245136848e+01 
"mu" 	 	 "||A||^2" 
1.00000000000000003643e-10	1.56641674825978370791e+04
1.26038292967972731759e-10	1.56641674825978334411e+04
1.58856512942805273194e-10	1.56641674825978334411e+04
2.00220037181558437944e-10	1.56641674825978298031e+04
2.52353917043476579710e-10	1.56641674825978279841e+04
3.18062569279411905784e-10	1.56641674825978134322e+04
4.00880632889846438503e-10	1.56641674825978025183e+04
5.05263106533567986293e-10	1.56641674825977770524e+04
6.36824994471858619652e-10	1.56641674825977424916e+04
8.02643352225717377815e-10	1.56641674825976842840e+04
1.01163797976620704748e-09	1.56641674825975951535e+04
1.27505124071301293650e-09	1.56641674825974496343e+04
1.60705281826163847742e-09	1.56641674825972258986e+04
2.02550193923066624051e-09	1.56641674825968693767e+04
2.55290806823951637426e-09	1.56641674825962982140e+04
3.21764175025073519961e-09	1.56641674825953941763e+04
4.05546073584082789357e-09	1.56641674825939535367e+04
5.11143348344016536924e-09	1.56641674825916652480e+04
6.44236350872137046605e-09	1.56641674825880381832e+04
8.11984499318400806948e-09	1.56641674825822683488e+04
1.02341140210545267090e-08	1.56641674825730970042e+04
1.28989026125330806031e-08	1.56641674825585414510e+04
1.62575566644379355129e-08	1.56641674825354057248e+04
2.04907468981584594190e-08	1.56641674824986748717e+04
2.58261876068267474279e-08	1.56641674824403016828e+04
3.25508859983505636444e-08	1.56641674823475841549e+04
4.10265810582719057166e-08	1.56641674822002969449e+04
5.17092024289675556895e-08	1.56641674819663167000e+04
6.51733960488242011595e-08	1.56641674815946207673e+04
8.21434358491942174464e-08	1.56641674810041604360e+04
1.03532184329566155945e-07	1.56641674800661767222e+04
1.30490197801440153888e-07	1.56641674785761224484e+04
1.64467617799466277927e-07	1.56641674762090824515e+04
2.07292177959536982755e-07	1.56641674724488912034e+04
2.61267522556332636514e-07	1.56641674664755701087e+04
3.29297125509714798733e-07	1.56641674569865608646e+04
4.15040475785047253506e-07	1.56641674419126575231e+04
5.23109930805625782526e-07	1.56641674179667770659e+04
6.59318827133354204102e-07	1.56641673799271902681e+04
8.30994194935338645275e-07	1.56641673194988234172e+04
1.04737089795945085476e-06	1.56641672235044461559e+04
1.32008840083141951298e-06	1.56641670710111247899e+04
1.66381688607613080389e-06	1.56641668287655629683e+04
2.09704640132323504709e-06	1.56641664439427622710e+04
2.64308148697410834186e-06	1.56641658326267734083e+04
3.33129478793467673784e-06	1.56641648615117464942e+04
4.19870708444391471951e-06	1.56641633188329033146e+04
5.29197873595844737348e-06	1.56641608681886082195e+04
6.66991966303012826807e-06	1.56641569751844581333e+04
8.40665288561833447191e-06	1.56641507909036754427e+04
1.05956017927761705672e-05	1.56641409667957650527e+04
1.33545156292990014073e-05	1.56641253606233512983e+04
1.68318035333095841288e-05	1.56641005693605566194e+04
2.12145178491063193370e-05	1.56640611872249937733e+04
2.67384161583994929697e-05	1.56639986271471443615e+04
3.37006432927193177681e-05	1.56638992489362408378e+04
4.24757155253690260491e-05	1.56637413866032038641e+04
5.35356667741072967466e-05	1.56634906282234042010e+04
6.74754405311069955413e-05	1.56630923231223641778e+04
8.50448934180268636528e-05	1.56624596927473667165e+04
1.07189131920512863844e-04	1.56614549785271647124e+04
1.35099352119802786423e-04	1.56598595809328598989e+04
1.70276917222590137369e-04	1.56573268420285676257e+04
2.14614119785840577618e-04	1.56533075861885645281e+04
2.70495973046313707873e-04	1.56469332097389033152e+04
3.40928506974681473207e-04	1.56368333802225279214e+04
4.29700470432084382765e-04	1.56208548873468644160e+04
5.41587137807947619980e-04	1.55956356382917292649e+04
6.82607183427239223340e-04	1.55559772994690174528e+04
8.60346441668450949945e-04	1.54939635180502464209e+04
1.08436596868961084190e-03	1.53978144356139036972e+04
1.36671635646200728860e-03	1.52505975570744794823e+04
1.72258596539878738874e-03	1.50291777729172117688e+04
2.17111794569450509626e-03	1.47041663918891536014e+04
2.73643999707467175733e-03	1.42418997927958607761e+04
3.44896226040575975061e-03	1.36091580935321817378e+04
4.34701315812502635944e-03	1.27802357652680475439e+04
5.47890117959394518099e-03	1.17457036084882547584e+04
6.90551352016233101899e-03	1.05244458895425123046e+04
8.70359136148516655818e-03	9.17824920153117273003e+03
1.09698579789238633703e-02	7.81312022998933571216e+03
1.38262217376465927632e-02	6.54741034092370136932e+03
1.74263338600965447811e-02	5.46118483857759292732e+03
2.19638537241655142085e-02	4.57024002543007463828e+03
2.76828663039207223395e-02	3.84177457908956648680e+03
3.48910121340678114343e-02	3.22872945610235137792e+03
4.39760360930273042079e-02	2.69521418841394188348e+03
5.54266452066311879343e-02	2.22358051488579394572e+03
6.98587974678526318906e-02	1.80946545637221856850e+03
8.80488358164348283719e-02	1.45424434997098546773e+03
1.10975249641207446283e-01	1.15903062980212757793e+03
1.39871310264724157957e-01	9.21046721393590928528e+02
1.76291411809595149895e-01	7.33071560033333980755e+02
2.22194686093952847861e-01	5.85497035756130003392e+02
2.80050389418363687710e-01	4.68975816578378157828e+02
3.52970730273065746996e-01	3.75932312039725047725e+02
4.44878283112759453921e-01	3.00716500237121181272e+02
5.60716993820546960592e-01	2.39159204723616198862e+02
7.06718127392750639082e-01	1.88197547297940872113e+02
8.90735463861045850820e-01	1.45713365160317266600e+02
1.12266777351081592506e+00	1.10399664645973899724e+02
1.41499129743457885411e+00	8.14926654913134598246e+01
1.78343087693191293397e+00	5.84173486512909576618e+01
2.24780583354873009228e+00	4.05348659903687433825e+01
2.83309610183932969463e+00	2.70975681062852515879e+01
3.57078596490047006640e+00	1.73349194877844645646e+01
4.50055767570050679893e+00	1.05300937078863441343e+01
5.67242606849198960361e+00	6.03242483655456940284e+00
7.14942898659759151769e+00	3.24606415584358298787e+00
9.01101825166503722642e+00	1.64076101557564824063e+00
1.13573335834310746861e+01	7.82474218108099250912e-01
1.43145893752348154493e+01	3.54896360207573036138e-01
1.80418640939207541862e+01	1.54611134707301089986e-01
2.27396575235793214631e+01	6.53446169948418559281e-02
2.86606761694825600273e+01	2.70251999783072717476e-02
3.61234269970943771000e+01	1.10120544695581148997e-02
4.55293507486695716580e+01	4.44282935450377673009e-03
5.73844164830240401898e+01	1.78087931063795673267e-03
7.23263389648354859673e+01	7.10873975886976042053e-04
9.11588829975083712043e+01	2.83001747190915378238e-04
1.14895100018731085356e+02	1.12472688328652122795e-04
1.44811822767453605820e+02	4.46516166377156577716e-05
1.82518349431904624680e+02	1.77146108020525962863e-05
2.30043011977292167103e+02	7.02488860661977891078e-06
2.89942285388288098602e+02	2.78502833283301696964e-06
3.65438307095726202078e+02	1.10394047873011107114e-06
4.60592204114511275748e+02	4.37537217996559198972e-07
5.80522551609490733426e+02	1.73402333056097480156e-07
7.31680714342720762033e+02	6.87189246940516207377e-08
9.22197882333434108659e+02	2.72324124244336722420e-08
1.16232246867985418248e+03	1.07916670254045460191e-08
1.46497139830728792731e+03	4.27647893828233085285e-09
1.84642494289554633724e+03	1.69465473507281012812e-09
2.32720247896041200875e+03	6.71543717227690907064e-10
2.93316627839004831912e+03	2.66113065914233026997e-10
3.69691270719503199871e+03	1.05452621646333885034e-10
4.65952566866468714579e+03	4.17876652467442428401e-11
5.87278661318948888947e+03	1.65591692588637111888e-11
7.40195999691565248213e+03	6.56188783555950858588e-12
9.32930402628469528281e+03	2.60027299656897831174e-12
1.17584955405215823703e+04	1.03040751524836577326e-12
1.48202070579886003543e+04	4.08318487518409066326e-13
1.86791359902078474988e+04	1.61803921138409795190e-13
2.35428641432242038718e+04	6.41178604874505349311e-14
2.96730240818887250498e+04	2.54079128487314085263e-14
3.73993730247880157549e+04	1.00683650371598822842e-14
4.71375313411672905204e+04	3.98977964397222229828e-15
5.94113398496504014474e+04	1.58102546398759701972e-15
7.48810385759003111161e+04	6.26511168699214697596e-16
9.43787827777539059753e+04	2.48266870103784671285e-16
1.18953406737032069941e+05	9.83804308223776375402e-17
1.49926843278604705120e+05	3.89851016163293170774e-17
1.88965233969121152768e+05	1.54485819421506749982e-17
2.38168555197616078658e+05	6.12179201880811347328e-18
3.00183581357559189200e+05	2.42587556918692238652e-18
3.78346261713193263859e+05	9.61298955952600458785e-19
4.76861169771447428502e+05	3.80932845179890827764e-19
6.01027678207038785331e+05	1.50951825786471152299e-19
7.57525025877192034386e+05	5.98175085075737244722e-20
9.54771611420806613751e+05	2.37038161368480224236e-20
1.20337784077759552747e+06	9.39308429018713455934e-21
1.51671688847092399374e+06	3.72218683997182926274e-21
1.91164407538571138866e+06	1.47498675020368852331e-21
2.40940356023952690884e+06	5.84491323730652943726e-22
3.03677111803547292948e+06	2.31615712797675155880e-22
3.82749447851631511003e+06	9.17820953650538392021e-23
4.82410870416539348662e+06	3.63703866539915147978e-23
6.08022426164942700416e+06	1.44124517979105734397e-23
7.66341086800749413669e+06	5.71120589954496514918e-24
9.65883224115870893002e+06	2.26317307314214709401e-24
1.21738272773966696113e+07	8.96825022435768914756e-25
1.53436840893001314253e+07	3.55383832731006750200e-25
1.93389175045524016023e+07	1.40827547634146934405e-25
2.43744415012222155929e+07	5.58055723026070454594e-26
3.07211299886177182198e+07	2.21140107339780365555e-26
3.87203878181255683303e+07	8.76309390916610479002e-27
4.88025158365445360541e+07	3.47254126737266195833e-27
6.15098578858050405979e+07	1.37605998276400641063e-27
7.75259748862949609756e+07	5.45289725987062356307e-28
9.77124153534650206566e+07	2.16081340196961845061e-28
1.23155060329283118248e+08	8.56263071833877804339e-29
1.55222535742704808712e+08	3.39310394649579797079e-29
1.95639834351707279682e+08	1.34458144587118284329e-29
2.46581107582260400057e+08	5.32815761936263161305e-30
3.10786618778202652931e+08	2.11138296634586768854e-30
3.91710149080926060677e+08	8.36675329268674364103e-31
4.93704785283902406693e+08	3.31548382157473927495e-31
6.22257083673023104668e+08	1.31382300715529939083e-31
7.84282206133771419525e+08	5.20627150371882831251e-32
9.88495904662558555603e+08	2.06308329377822223923e-32
1.24588336429501318932e+09	8.17535672894965399278e-33
1.57029012472937750816e+09	3.23963932271410099980e-33
1.97916686785356545448e+09	1.28376819376094999775e-33
2.49450813523031663895e+09	5.08717363614291877005e-34
3.14403547159151268005e+09	2.01588851710449006628e-34
3.96268863870147848129e+09	7.98833852361885827531e-35
4.99450511585516071320e+09	3.16552983096452973988e-35
6.29498899022188758850e+09	1.25440090966339523181e-35
7.93409666579752445221e+09	4.97080023309986001332e-36
1.00000000000000000000e+10	1.96977336089597879894e-36
