L=5, code time=0.000994 (in min) 
wij_min=8.88178419700125232339e-16, wij_max=5.05012626059228395548e+01 
"mu" 	 	 "||A||^2" 
1.00000000000000003643e-10	8.33315071996033017443e-03
1.18953406737032067258e-10	8.33315071996030762302e-03
1.41499129743457873129e-10	8.33315071996029374524e-03
1.68318035333095502864e-10	8.33315071996028854107e-03
2.00220037181558437944e-10	8.33315071996028680634e-03
2.38168555197616074720e-10	8.33315071996028333690e-03
2.83309610183931825768e-10	8.33315071996028333690e-03
3.37006432927192451466e-10	8.33315071996028333690e-03
4.00880632889846438503e-10	8.33315071996028333690e-03
4.76861169771447397447e-10	8.33315071996028333690e-03
5.67242606849198883471e-10	8.33315071996028333690e-03
6.74754405311068558404e-10	8.33315071996028333690e-03
8.02643352225717377815e-10	8.33315071996028333690e-03
9.54771611420806508922e-10	8.33315071996028333690e-03
1.13573335834310288916e-09	8.33315071996028333690e-03
1.35099352119802519251e-09	8.33315071996028333690e-03
1.60705281826163847742e-09	8.33315071996028333690e-03
1.91164407538570385981e-09	8.33315071996028333690e-03
2.27396575235793215061e-09	8.33315071996028333690e-03
2.70495973046313136377e-09	8.33315071996028333690e-03
3.21764175025073519961e-09	8.33315071996028333690e-03
3.82749447851631517473e-09	8.33315071996028333690e-03
4.55293507486693877322e-09	8.33315071996028333690e-03
5.41587137807946464627e-09	8.33315071996028333690e-03
6.44236350872137046605e-09	8.33315071996028333690e-03
7.66341086800746217065e-09	8.33315071996028333690e-03
9.11588829975083781184e-09	8.33315071996028333690e-03
1.08436596868960860500e-08	8.33315071996028333690e-03
1.28989026125330806031e-08	8.33315071996028333690e-03
1.53436840893001327414e-08	8.33315071996028333690e-03
1.82518349431904239544e-08	8.33315071996028333690e-03
2.17111794569450085411e-08	8.33315071996028333690e-03
2.58261876068267474279e-08	8.33315071996028333690e-03
3.07211299886175937724e-08	8.33315071996028333690e-03
3.65438307095725478011e-08	8.33315071996028333690e-03
4.34701315812501717294e-08	8.33315071996028333690e-03
5.17092024289675556895e-08	8.33315071996028333690e-03
6.15098578858050436024e-08	8.33315071996028333690e-03
7.31680714342719159342e-08	8.33315071996028333690e-03
8.70359136148514768755e-08	8.33315071996028333690e-03
1.03532184329566155945e-07	8.33315071996028333690e-03
1.23155060329282628142e-07	8.33315071996028333690e-03
1.46497139830728482315e-07	8.33315071996028333690e-03
1.74263338600964726368e-07	8.33315071996028160217e-03
2.07292177959536982755e-07	8.33315071996028160217e-03
2.46581107582260368077e-07	8.33315071996027986745e-03
2.93316627839004215282e-07	8.33315071996027639800e-03
3.48910121340676632595e-07	8.33315071996027639800e-03
4.15040475785047253506e-07	8.33315071996027466328e-03
4.93704785283900377408e-07	8.33315071996027466328e-03
5.87278661318947677360e-07	8.33315071996026598966e-03
6.98587974678523438553e-07	8.33315071996025905077e-03
8.30994194935338645275e-07	8.33315071996025037715e-03
9.88495904662558603124e-07	8.33315071996023823409e-03
1.17584955405215584945e-06	8.33315071996022088685e-03
1.39871310264723580700e-06	8.33315071996019486600e-03
1.66381688607612741576e-06	8.33315071996015670208e-03
1.97916686785355745422e-06	8.33315071996010639510e-03
2.35428641432241558251e-06	8.33315071996003006727e-03
2.80050389418362536830e-06	8.33315071995992945331e-03
3.33129478793466996157e-06	8.33315071995978026709e-03
3.96268863870147865241e-06	8.33315071995957383499e-03
4.71375313411671956475e-06	8.33315071995927893200e-03
5.60716993820544644058e-06	8.33315071995886086365e-03
6.66991966303011471555e-06	8.33315071995827279239e-03
7.93409666579749174359e-06	8.33315071995743839040e-03
9.43787827777537116788e-06	8.33315071995625877843e-03
1.12266777351081134160e-05	8.33315071995458650500e-03
1.33545156292989743022e-05	8.33315071995221860746e-03
1.58856512942805287736e-05	8.33315071994887406059e-03
1.88965233969120774546e-05	8.33315071994414000023e-03
2.24780583354872084143e-05	8.33315071993744049816e-03
2.67384161583994387596e-05	8.33315071992796196909e-03
3.18062569279411891474e-05	8.33315071991454908718e-03
3.78346261713192539211e-05	8.33315071989557121235e-03
4.50055767570048807541e-05	8.33315071986871942766e-03
5.35356667741071883264e-05	8.33315071983072030992e-03
6.36824994471858567540e-05	8.33315071977694908634e-03
7.57525025877190441017e-05	8.33315071970086584940e-03
9.01101825166500034186e-05	8.33315071959321237993e-03
1.07189131920512647003e-04	8.33315071944088284206e-03
1.27505124071301280918e-04	8.33315071922533651128e-03
1.51671688847092111336e-04	8.33315071892034089918e-03
1.80418640939206798403e-04	8.33315071848877292338e-03
2.14614119785840143937e-04	8.33315071787810862647e-03
2.55290806823951646823e-04	8.33315071701402204640e-03
3.03677111803545452407e-04	8.33315071579135077662e-03
3.61234269970942293779e-04	8.33315071406127982900e-03
4.29700470432083515403e-04	8.33315071161324326388e-03
5.11143348344016536580e-04	8.33315070814929538534e-03
6.08022426164941498343e-04	8.33315070324783940814e-03
7.23263389648351917756e-04	8.33315069631232301084e-03
8.60346441668449106802e-04	8.33315068649862628059e-03
1.02341140210545277975e-03	8.33315067261233138884e-03
1.21738272773965947558e-03	8.33315065296334409051e-03
1.44811822767453002823e-03	8.33315062516019888772e-03
1.72258596539878391929e-03	8.33315058581898457368e-03
2.04907468981584605858e-03	8.33315053015151567528e-03
2.43744415012221672320e-03	8.33315045138252954993e-03
2.89942285388286938308e-03	8.33315033992510639793e-03
3.44896226040575281171e-03	8.33315018221382659835e-03
4.10265810582719023941e-03	8.33314995905373723240e-03
4.88025158365442378317e-03	8.33314964328417395745e-03
5.80522551609488363794e-03	8.33314919647302337902e-03
6.90551352016231627384e-03	8.33314856423919732287e-03
8.21434358491942261116e-03	8.33314766963396541533e-03
9.77124153534648237640e-03	8.33314640377559763540e-03
1.16232246867984945204e-02	8.33314461259754106492e-03
1.38262217376465355173e-02	8.33314207809720056130e-03
1.64467617799466288286e-02	8.33313849180333278410e-03
1.95639834351705663162e-02	8.33313341723282592632e-03
2.32720247896040267899e-02	8.33312623676796433714e-03
2.76828663039206078478e-02	8.33311607648916895241e-03
3.29297125509714835867e-02	8.33310169981609297207e-03
3.91710149080926051113e-02	8.33308135701490808323e-03
4.65952566866466785789e-02	8.33305257226061441012e-03
5.54266452066309589508e-02	8.33301184234876146650e-03
6.59318827133354157244e-02	8.33295421040848235950e-03
7.84282206133764953071e-02	8.33287266277674132375e-03
9.32930402628465715864e-02	8.33275727571422195061e-03
1.10975249641206988316e-01	8.33259400828290607011e-03
1.32008840083141676391e-01	8.33236299481339773298e-03
1.57029012472937740119e-01	8.33203612983207837772e-03
1.86791359902077708233e-01	8.33157365289786955298e-03
2.22194686093951931927e-01	8.33091932046694204350e-03
2.64308148697410261185e-01	8.32999358271044321178e-03
3.14403547159148699652e-01	8.32868394595205445430e-03
3.73993730247878630735e-01	8.32683136996727711610e-03
4.44878283112757622053e-01	8.32421108899247114143e-03
5.29197873595843693018e-01	8.32050561092386939399e-03
6.29498899022188806995e-01	8.31526678556280401944e-03
7.48810385758999941253e-01	8.30786267823661363219e-03
8.90735463861042187084e-01	8.29740348497140858819e-03
1.05956017927761481090e+00	8.28263886535348520246e-03
1.26038292967972220815e+00	8.26181695027939505538e-03
1.49926843278604104981e+00	8.23249327474796267767e-03
1.78343087693190560650e+00	8.19127693140277689243e-03
2.12145178491062758042e+00	8.13350339440125497115e-03
2.52353917043476583260e+00	8.05283279923338021766e-03
3.00183581357558004754e+00	7.94079635015290490052e-03
3.57078596490045541145e+00	7.78636382550330213848e-03
4.24757155253689422381e+00	7.57569753276996025321e-03
5.05263106533565942158e+00	7.29240457396968834447e-03
6.01027678207036331059e+00	6.91878468364341692176e-03
7.14942898659756220781e+00	6.43870250718048264815e-03
8.50448934180266924443e+00	5.84255609762963576403e-03
1.01163797976620699615e+01	5.13400115530456349622e-03
1.20337784077758556123e+01	4.33641641072178823241e-03
1.43145893752347568295e+01	3.49520081228599796899e-03
1.70276917222589787571e+01	2.67184187626488085440e-03
2.02550193923065826596e+01	1.92929701821639731397e-03
2.40940356023951700593e+01	1.31441746272141111659e-03
2.86606761694824427877e+01	8.46551429021121003629e-04
3.40928506974680729513e+01	5.17823381982558368988e-04
4.05546073584082762409e+01	3.02802582031783248592e-04
4.82410870416535360050e+01	1.70531278740830490601e-04
5.73844164830238057107e+01	9.31772095454983092719e-05
6.82607183427237913520e+01	4.97246512539092672296e-05
8.11984499318397610068e+01	2.60641931732140748237e-05
9.65883224115866880766e+01	1.34805308822857736098e-05
1.14895100018730616398e+02	6.90397908603108614737e-06
1.36671635646200456904e+02	3.51064833313228938849e-06
1.62575566644379335912e+02	1.77597154418827819533e-06
1.93389175045522421215e+02	8.95115388001009275993e-07
2.30043011977291229186e+02	4.49961628128835421831e-07
2.73643999707466605287e+02	2.25764497832379739273e-07
3.25508859983504294178e+02	1.13124301444089760121e-07
3.87203878181254140145e+02	5.66297728818708680667e-08
4.60592204114509399915e+02	2.83297182758971720137e-08
5.47890117959393364799e+02	1.41655460123402014505e-08
6.51733960488242018982e+02	7.08073504303654438220e-09
7.75259748862943297354e+02	3.53850703988974350657e-09
9.22197882333430356994e+02	1.76802633407943716307e-09
1.09698579789238192461e+03	8.83294937947107850021e-10
1.30490197801439626346e+03	4.41251543420932122577e-10
1.55222535742704167205e+03	2.20414885455077795894e-10
1.84642494289553883391e+03	1.10097474950696335247e-10
2.19638537241654239551e+03	5.49921755111460788896e-11
2.61267522556332642125e+03	2.74672593779432429909e-11
3.10786618778200136148e+03	1.37190271229778054447e-11
3.69691270719501699205e+03	6.85214821119493741477e-12
4.39760360930271235702e+03	3.42237002947072188541e-12
5.23109930805623662309e+03	1.70932602905198570602e-12
6.22257083673020588321e+03	8.53731372322933672619e-13
7.40195999691562155931e+03	4.26399257736484965659e-13
8.80488358164344572288e+03	2.12966275882291440809e-13
1.04737089795944866637e+04	1.06366450222630394153e-13
1.24588336429500304803e+04	5.31248961482370179508e-14
1.48202070579885403276e+04	2.65332982694885461469e-14
1.76291411809594428632e+04	1.32520841173014084270e-14
2.09704640132322201680e+04	6.61876538859896894043e-15
2.49450813523030628858e+04	3.30574759366340906966e-15
2.96730240818886049965e+04	1.65105797426945269990e-15
3.52970730273064327776e+04	8.24621978434301825283e-16
4.19870708444390547811e+04	4.11857949657423963392e-16
4.99450511585511994781e+04	2.05702692128915445186e-16
5.94113398496501540649e+04	1.02738324868071370459e-16
7.06718127392747701379e+04	5.13127124620709765436e-17
8.40665288561828201637e+04	2.56281617421061419273e-17
1.00000000000000000000e+05	1.27999989350400070913e-17
