L=8, code time=0.021941 (in min) 
wij_min=0.00000000000000000000e+00, wij_max=8.08020255911135620863e+01 
"mu" 	 	 "||A||^2" 
1.00000000000000003643e-10	1.06666666416406499818e-01
1.18953406737032067258e-10	1.06666666416406499818e-01
1.41499129743457873129e-10	1.06666666416406499818e-01
1.68318035333095502864e-10	1.06666666416406499818e-01
2.00220037181558437944e-10	1.06666666416406499818e-01
2.38168555197616074720e-10	1.06666666416406499818e-01
2.83309610183931825768e-10	1.06666666416406499818e-01
3.37006432927192451466e-10	1.06666666416406499818e-01
4.00880632889846438503e-10	1.06666666416406499818e-01
4.76861169771447397447e-10	1.06666666416406499818e-01
5.67242606849198883471e-10	1.06666666416406499818e-01
6.74754405311068558404e-10	1.06666666416406499818e-01
8.02643352225717377815e-10	1.06666666416406499818e-01
9.54771611420806508922e-10	1.06666666416406499818e-01
1.13573335834310288916e-09	1.06666666416406499818e-01
1.35099352119802519251e-09	1.06666666416406499818e-01
1.60705281826163847742e-09	1.06666666416406499818e-01
1.91164407538570385981e-09	1.06666666416406499818e-01
2.27396575235793215061e-09	1.06666666416406499818e-01
2.70495973046313136377e-09	1.06666666416406499818e-01
3.21764175025073519961e-09	1.06666666416406499818e-01
3.82749447851631517473e-09	1.06666666416406499818e-01
4.55293507486693877322e-09	1.06666666416406499818e-01
5.41587137807946464627e-09	1.06666666416406499818e-01
6.44236350872137046605e-09	1.06666666416406499818e-01
7.66341086800746217065e-09	1.06666666416406499818e-01
9.11588829975083781184e-09	1.06666666416406499818e-01
1.08436596868960860500e-08	1.06666666416406499818e-01
1.28989026125330806031e-08	1.06666666416406499818e-01
1.53436840893001327414e-08	1.06666666416406499818e-01
1.82518349431904239544e-08	1.06666666416406499818e-01
2.17111794569450085411e-08	1.06666666416406499818e-01
2.58261876068267474279e-08	1.06666666416406499818e-01
3.07211299886175937724e-08	1.06666666416406499818e-01
3.65438307095725478011e-08	1.06666666416406499818e-01
4.34701315812501717294e-08	1.06666666416406499818e-01
5.17092024289675556895e-08	1.06666666416406499818e-01
6.15098578858050436024e-08	1.06666666416406499818e-01
7.31680714342719159342e-08	1.06666666416406499818e-01
8.70359136148514768755e-08	1.06666666416406499818e-01
1.03532184329566155945e-07	1.06666666416406499818e-01
1.23155060329282628142e-07	1.06666666416406499818e-01
1.46497139830728482315e-07	1.06666666416406499818e-01
1.74263338600964726368e-07	1.06666666416406472062e-01
2.07292177959536982755e-07	1.06666666416406472062e-01
2.46581107582260368077e-07	1.06666666416406472062e-01
2.93316627839004215282e-07	1.06666666416406430429e-01
3.48910121340676632595e-07	1.06666666416406430429e-01
4.15040475785047253506e-07	1.06666666416406430429e-01
4.93704785283900377408e-07	1.06666666416406402673e-01
5.87278661318947677360e-07	1.06666666416406319406e-01
6.98587974678523438553e-07	1.06666666416406250018e-01
8.30994194935338645275e-07	1.06666666416406111240e-01
9.88495904662558603124e-07	1.06666666416405930828e-01
1.17584955405215584945e-06	1.06666666416405667150e-01
1.39871310264723580700e-06	1.06666666416405347961e-01
1.66381688607612741576e-06	1.06666666416404876117e-01
1.97916686785355745422e-06	1.06666666416404182227e-01
2.35428641432241558251e-06	1.06666666416403280171e-01
2.80050389418362536830e-06	1.06666666416401975659e-01
3.33129478793466996157e-06	1.06666666416400046646e-01
3.96268863870147865241e-06	1.06666666416397326600e-01
4.71375313411671956475e-06	1.06666666416393635108e-01
5.60716993820544644058e-06	1.06666666416388306038e-01
6.66991966303011471555e-06	1.06666666416380798155e-01
7.93409666579749174359e-06	1.06666666416370098380e-01
9.43787827777537116788e-06	1.06666666416354943836e-01
1.12266777351081134160e-05	1.06666666416333585921e-01
1.33545156292989743022e-05	1.06666666416303276832e-01
1.58856512942805287736e-05	1.06666666416260449979e-01
1.88965233969120774546e-05	1.06666666416199901191e-01
2.24780583354872084143e-05	1.06666666416114067073e-01
2.67384161583994387596e-05	1.06666666415992789085e-01
3.18062569279411891474e-05	1.06666666415821023706e-01
3.78346261713192539211e-05	1.06666666415578190175e-01
4.50055767570048807541e-05	1.06666666415234340226e-01
5.35356667741071883264e-05	1.06666666414747909886e-01
6.36824994471858567540e-05	1.06666666414059599366e-01
7.57525025877190441017e-05	1.06666666413085586829e-01
9.01101825166500034186e-05	1.06666666411707466988e-01
1.07189131920512647003e-04	1.06666666409757415757e-01
1.27505124071301280918e-04	1.06666666406998192351e-01
1.51671688847092111336e-04	1.06666666403093857163e-01
1.80418640939206798403e-04	1.06666666397569137592e-01
2.14614119785840143937e-04	1.06666666389751793598e-01
2.55290806823951646823e-04	1.06666666378690405681e-01
3.03677111803545452407e-04	1.06666666363038523113e-01
3.61234269970942293779e-04	1.06666666340891294618e-01
4.29700470432083515403e-04	1.06666666309553168079e-01
5.11143348344016536580e-04	1.06666666265210055564e-01
6.08022426164941498343e-04	1.06666666202464732738e-01
7.23263389648351917756e-04	1.06666666113680863592e-01
8.60346441668449106802e-04	1.06666665988052383751e-01
1.02341140210545277975e-03	1.06666665810289079674e-01
1.21738272773965947558e-03	1.06666665558755577314e-01
1.44811822767453002823e-03	1.06666665202838059634e-01
1.72258596539878391929e-03	1.06666664699217692003e-01
2.04907468981584605858e-03	1.06666663986599269398e-01
2.43744415012221672320e-03	1.06666662978250392779e-01
2.89942285388286938308e-03	1.06666661551445593470e-01
3.44896226040575281171e-03	1.06666659532529253807e-01
4.10265810582719023941e-03	1.06666656675780305297e-01
4.88025158365442378317e-03	1.06666652633505637526e-01
5.80522551609488363794e-03	1.06666646913722504286e-01
6.90551352016231627384e-03	1.06666638820280115785e-01
8.21434358491942261116e-03	1.06666627368130997877e-01
9.77124153534648237640e-03	1.06666611163443003640e-01
1.16232246867984945204e-02	1.06666588233957165821e-01
1.38262217376465355173e-02	1.06666555788947292616e-01
1.64467617799466288286e-02	1.06666509879567036889e-01
1.95639834351705663162e-02	1.06666444918246158813e-01
2.32720247896040267899e-02	1.06666352998647892547e-01
2.76828663039206078478e-02	1.06666222933427506936e-01
3.29297125509714835867e-02	1.06666038892695075324e-01
3.91710149080926051113e-02	1.06665778477506870137e-01
4.65952566866466785789e-02	1.06665409993976348368e-01
5.54266452066309589508e-02	1.06664888596380388885e-01
6.59318827133354157244e-02	1.06664150830112811064e-01
7.84282206133764953071e-02	1.06663106910865848609e-01
9.32930402628465715864e-02	1.06661629801447818688e-01
1.10975249641206988316e-01	1.06659539758997820580e-01
1.32008840083141676391e-01	1.06656582476278183336e-01
1.57029012472937740119e-01	1.06652398165509240680e-01
1.86791359902077708233e-01	1.06646477839715134173e-01
2.22194686093951931927e-01	1.06638101506151064535e-01
2.64308148697410261185e-01	1.06626250820496870642e-01
3.14403547159148699652e-01	1.06609485713297091891e-01
3.73993730247878630735e-01	1.06585770257491246893e-01
4.44878283112757622053e-01	1.06552227152312717351e-01
5.29197873595843693018e-01	1.06504792078258081478e-01
6.29498899022188806995e-01	1.06437728122647873308e-01
7.48810385758999941253e-01	1.06342945696530799538e-01
8.90735463861042187084e-01	1.06209054161107832592e-01
1.05956017927761481090e+00	1.06020047573578968247e-01
1.26038292967972220815e+00	1.05753499842249187868e-01
1.49926843278604104981e+00	1.05378118897454325920e-01
1.78343087693190560650e+00	1.04850497283929339210e-01
2.12145178491062758042e+00	1.04110924181828490287e-01
2.52353917043476583260e+00	1.03078243422374427052e-01
3.00183581357558004754e+00	1.01644047894018638156e-01
3.57078596490045541145e+00	9.96671446625346929560e-02
4.24757155253689422381e+00	9.69704076592135949531e-02
5.05263106533565942158e+00	9.33440098983189525672e-02
6.01027678207036331059e+00	8.85613995501225159668e-02
7.14942898659756220781e+00	8.24160672348330375359e-02
8.50448934180266924443e+00	7.47851397344030804915e-02
1.01163797976620699615e+01	6.57154397375900728440e-02
1.20337784077758556123e+01	5.55062287551053162860e-02
1.43145893752347568295e+01	4.47386047040722323320e-02
1.70276917222589787571e+01	3.41995851631523850589e-02
2.02550193923065826596e+01	2.46950036635818423458e-02
2.40940356023951700593e+01	1.68245437958197477379e-02
2.86606761694824427877e+01	1.08358583220913295975e-02
3.40928506974680729513e+01	6.62813929202146420727e-03
4.05546073584082762409e+01	3.87587305018868410328e-03
4.82410870416535360050e+01	2.18280036789297643071e-03
5.73844164830238057107e+01	1.19266828218288754339e-03
6.82607183427237913520e+01	6.36475536050063231928e-04
8.11984499318397610068e+01	3.33621672617142304464e-04
9.65883224115866880766e+01	1.72550795293258596094e-04
1.14895100018730616398e+02	8.83709323011982198154e-05
1.36671635646200456904e+02	4.49362986640934884870e-05
1.62575566644379335912e+02	2.27324357656100469588e-05
1.93389175045522421215e+02	1.14574769664129688771e-05
2.30043011977291229186e+02	5.75950884004911389764e-06
2.73643999707466605287e+02	2.88978557225447074238e-06
3.25508859983504294178e+02	1.44799105848435515525e-06
3.87203878181254140145e+02	7.24861092887949969990e-07
4.60592204114509399915e+02	3.62620393931485252319e-07
5.47890117959393364799e+02	1.81318988957955293250e-07
6.51733960488242018982e+02	9.06334085508680619068e-08
7.75259748862943297354e+02	4.52928901105889048195e-08
9.22197882333430356994e+02	2.26307370762168863463e-08
1.09698579789238192461e+03	1.13061752057230195232e-08
1.30490197801439626346e+03	5.64801975578795151762e-09
1.55222535742704167205e+03	2.82131053382500778156e-09
1.84642494289553883391e+03	1.40924767936891834376e-09
2.19638537241654239551e+03	7.03899846542672560163e-10
2.61267522556332642125e+03	3.51580920037674978530e-10
3.10786618778200136148e+03	1.75603547174116664494e-10
3.69691270719501699205e+03	8.77074971032955582156e-11
4.39760360930271235702e+03	4.38063363772254107393e-11
5.23109930805623662309e+03	2.18793731718655094486e-11
6.22257083673020588321e+03	1.09277615657335939841e-11
7.40195999691562155931e+03	5.45791049902702920930e-12
8.80488358164344572288e+03	2.72596833129334094367e-12
1.04737089795944866637e+04	1.36149056284967465932e-12
1.24588336429500304803e+04	6.79998670697436576268e-13
1.48202070579885403276e+04	3.39626217849454945683e-13
1.76291411809594428632e+04	1.69626676701458749831e-13
2.09704640132322201680e+04	8.47201969740671381767e-14
2.49450813523030628858e+04	4.23135691988918077478e-14
2.96730240818886049965e+04	2.11335420706490734448e-14
3.52970730273064327776e+04	1.05551613239591065932e-14
4.19870708444390547811e+04	5.27178175561504676848e-15
4.99450511585511994781e+04	2.63299445925012913686e-15
5.94113398496501540649e+04	1.31505055831131863002e-15
7.06718127392747701379e+04	6.56802719514511379101e-16
8.40665288561828201637e+04	3.28040470298959809822e-16
1.00000000000000000000e+05	1.63839986368512761300e-16
